h=0.001;
r=1000000;
b=1;
B01=0.2;
B02=0.2;
B03=0.2;
A01=10;
A02=1;
A03=1;
a0=0.5;
a1=0.4;
a2=0.75;
delta0=0.001;
delta1=0.001;
delta2=0.001;
